                            OLS Regression Results                            
==============================================================================
Dep. Variable:                      y   R-squared:                       0.976
Model:                            OLS   Adj. R-squared:                  0.976
Method:                 Least Squares   F-statistic:                 4.954e+05
Date:                Tue, 13 Jan 2026   Prob (F-statistic):               0.00
Time:                        08:31:22   Log-Likelihood:            -5.0300e+06
No. Observations:              863040   AIC:                         1.006e+07
Df Residuals:                  862967   BIC:                         1.006e+07
Df Model:                          72                                         
Covariance Type:            nonrobust                                         
==============================================================================
                 coef    std err          t      P>|t|      [0.025      0.975]
------------------------------------------------------------------------------
const        2.49e+13   2.24e+13      1.111      0.266    -1.9e+13    6.88e+13
x1          -911.7259      0.206  -4421.089      0.000    -912.130    -911.322
x2         -1104.5411      0.268  -4121.378      0.000   -1105.066   -1104.016
x3            -4.3877      0.092    -47.656      0.000      -4.568      -4.207
x4            10.6842      0.106    100.831      0.000      10.476      10.892
x5             0.8295      0.096      8.598      0.000       0.640       1.019
x6            -0.3564      0.089     -4.011      0.000      -0.531      -0.182
x7         -9.124e+10   8.21e+10     -1.111      0.266   -2.52e+11    6.97e+10
x8          8.052e+10   7.25e+10      1.111      0.266   -6.15e+10    2.23e+11
x9         -1.104e+11   9.93e+10     -1.111      0.266   -3.05e+11    8.43e+10
x10        -1.104e+11   9.93e+10     -1.111      0.266   -3.05e+11    8.43e+10
x11        -1.104e+11   9.93e+10     -1.111      0.266   -3.05e+11    8.43e+10
x12        -1.104e+11   9.93e+10     -1.111      0.266   -3.05e+11    8.43e+10
x13        -1.104e+11   9.93e+10     -1.111      0.266   -3.05e+11    8.43e+10
x14        -1.104e+11   9.93e+10     -1.111      0.266   -3.05e+11    8.43e+10
x15         1.072e+12   9.65e+11      1.111      0.266   -8.19e+11    2.96e+12
x16        -1.104e+11   9.93e+10     -1.111      0.266   -3.05e+11    8.43e+10
x17        -1.104e+11   9.93e+10     -1.111      0.266   -3.05e+11    8.43e+10
x18        -1.104e+11   9.93e+10     -1.111      0.266   -3.05e+11    8.43e+10
x19         1.072e+12   9.65e+11      1.111      0.266   -8.19e+11    2.96e+12
x20        -1.104e+11   9.93e+10     -1.111      0.266   -3.05e+11    8.43e+10
x21         8.052e+10   7.25e+10      1.111      0.266   -6.15e+10    2.23e+11
x22         8.052e+10   7.25e+10      1.111      0.266   -6.15e+10    2.23e+11
x23         8.052e+10   7.25e+10      1.111      0.266   -6.15e+10    2.23e+11
x24         8.052e+10   7.25e+10      1.111      0.266   -6.15e+10    2.23e+11
x25         1.263e+12   1.14e+12      1.111      0.266   -9.65e+11    3.49e+12
x26         1.263e+12   1.14e+12      1.111      0.266   -9.65e+11    3.49e+12
x27         1.263e+12   1.14e+12      1.111      0.266   -9.65e+11    3.49e+12
x28         1.263e+12   1.14e+12      1.111      0.266   -9.65e+11    3.49e+12
x29         1.263e+12   1.14e+12      1.111      0.266   -9.65e+11    3.49e+12
x30         8.052e+10   7.25e+10      1.111      0.266   -6.15e+10    2.23e+11
x31         1.072e+12   9.65e+11      1.111      0.266   -8.19e+11    2.96e+12
x32        -1.104e+11   9.93e+10     -1.111      0.266   -3.05e+11    8.43e+10
x33        -1.104e+11   9.93e+10     -1.111      0.266   -3.05e+11    8.43e+10
x34        -1.104e+11   9.93e+10     -1.111      0.266   -3.05e+11    8.43e+10
x35        -1.104e+11   9.93e+10     -1.111      0.266   -3.05e+11    8.43e+10
x36         8.052e+10   7.25e+10      1.111      0.266   -6.15e+10    2.23e+11
x37        -1.104e+11   9.93e+10     -1.111      0.266   -3.05e+11    8.43e+10
x38        -1.104e+11   9.93e+10     -1.111      0.266   -3.05e+11    8.43e+10
x39         1.263e+12   1.14e+12      1.111      0.266   -9.65e+11    3.49e+12
x40        -1.104e+11   9.93e+10     -1.111      0.266   -3.05e+11    8.43e+10
x41         1.072e+12   9.65e+11      1.111      0.266   -8.19e+11    2.96e+12
x42        -1.104e+11   9.93e+10     -1.111      0.266   -3.05e+11    8.43e+10
x43         1.072e+12   9.65e+11      1.111      0.266   -8.19e+11    2.96e+12
x44        -1.104e+11   9.93e+10     -1.111      0.266   -3.05e+11    8.43e+10
x45        -1.104e+11   9.93e+10     -1.111      0.266   -3.05e+11    8.43e+10
x46         1.263e+12   1.14e+12      1.111      0.266   -9.65e+11    3.49e+12
x47         1.072e+12   9.65e+11      1.111      0.266   -8.19e+11    2.96e+12
x48         1.072e+12   9.65e+11      1.111      0.266   -8.19e+11    2.96e+12
x49         1.072e+12   9.65e+11      1.111      0.266   -8.19e+11    2.96e+12
x50         1.072e+12   9.65e+11      1.111      0.266   -8.19e+11    2.96e+12
x51         1.072e+12   9.65e+11      1.111      0.266   -8.19e+11    2.96e+12
x52         1.072e+12   9.65e+11      1.111      0.266   -8.19e+11    2.96e+12
x53         1.072e+12   9.65e+11      1.111      0.266   -8.19e+11    2.96e+12
x54         1.072e+12   9.65e+11      1.111      0.266   -8.19e+11    2.96e+12
x55        -1.104e+11   9.93e+10     -1.111      0.266   -3.05e+11    8.43e+10
x56        -1.104e+11   9.93e+10     -1.111      0.266   -3.05e+11    8.43e+10
x57         8.052e+10   7.25e+10      1.111      0.266   -6.15e+10    2.23e+11
x58        -1.104e+11   9.93e+10     -1.111      0.266   -3.05e+11    8.43e+10
x59        -1.104e+11   9.93e+10     -1.111      0.266   -3.05e+11    8.43e+10
x60         1.072e+12   9.65e+11      1.111      0.266   -8.19e+11    2.96e+12
x61        -1.104e+11   9.93e+10     -1.111      0.266   -3.05e+11    8.43e+10
x62        -1.104e+11   9.93e+10     -1.111      0.266   -3.05e+11    8.43e+10
x63        -2.251e+13   2.03e+13     -1.111      0.266   -6.22e+13    1.72e+13
x64        -2.133e+13   1.92e+13     -1.111      0.266   -5.89e+13    1.63e+13
x65         3.518e+12   3.17e+12      1.111      0.266   -2.69e+12    9.72e+12
x66         3.518e+12   3.17e+12      1.111      0.266   -2.69e+12    9.72e+12
x67         3.518e+12   3.17e+12      1.111      0.266   -2.69e+12    9.72e+12
x68         3.518e+12   3.17e+12      1.111      0.266   -2.69e+12    9.72e+12
x69         3.518e+12   3.17e+12      1.111      0.266   -2.69e+12    9.72e+12
x70         3.518e+12   3.17e+12      1.111      0.266   -2.69e+12    9.72e+12
x71         3.518e+12   3.17e+12      1.111      0.266   -2.69e+12    9.72e+12
x72        -7.051e+12   6.35e+12     -1.111      0.266   -1.95e+13    5.38e+12
x73        -7.051e+12   6.35e+12     -1.111      0.266   -1.95e+13    5.38e+12
x74        -7.051e+12   6.35e+12     -1.111      0.266   -1.95e+13    5.38e+12
x75        -7.051e+12   6.35e+12     -1.111      0.266   -1.95e+13    5.38e+12
x76        -7.051e+12   6.35e+12     -1.111      0.266   -1.95e+13    5.38e+12
x77        -7.051e+12   6.35e+12     -1.111      0.266   -1.95e+13    5.38e+12
x78        -7.051e+12   6.35e+12     -1.111      0.266   -1.95e+13    5.38e+12
==============================================================================
Omnibus:                  1593189.711   Durbin-Watson:                   2.000
Prob(Omnibus):                  0.000   Jarque-Bera (JB):       6290306879.921
Skew:                         -13.505   Prob(JB):                         0.00
Kurtosis:                     420.367   Cond. No.                     1.44e+16
==============================================================================

Notes:
[1] Standard Errors assume that the covariance matrix of the errors is correctly specified.
[2] The smallest eigenvalue is 1.02e-26. This might indicate that there are
strong multicollinearity problems or that the design matrix is singular.